211 226 294
44
4 A 46 48 48
2 B 42 46 46
5 C 30 36 50
1 D 41 46 48
1 E 40 41 50
5 F 29 48 49
4 G 46 46 47
3 H 45 45 50
4 I 41 46 47
5 J 43 43 43
1 K 36 44 44
4 L 35 36 41
1 M 34 34 45
1 N 31 39 49
5 O 26 35 42
1 P 29 30 42
2 Q 38 41 50
2 R 39 40 44
1 S 45 47 49
1 T 50 50 50
3 U 31 35 48
3 V 47 49 50
4 W 37 39 45
3 X 31 42 43
2 Y 43 47 50
3 Z 43 46 46
4 [ 27 32 46
5 \ 47 47 48
5 ] 35 37 39
4 ^ 31 41 42
4 _ 42 42 50
5 ` 39 45 45
3 a 44 44 50
3 b 22 31 42
2 c 28 37 49
5 d 23 25 26
3 e 44 44 45
1 f 40 40 50
5 g 29 50 50
5 h 45 45 50
1 i 31 31 31
1 j 24 39 43
1 k 30 32 48
2 l 36 38 44
